%YAML:1.0
---
camera_matrix: !!opencv-matrix
   rows: 3
   cols: 3
   dt: d
   data: [ 6.8091007065400277e+02, 0., 2.7057136369831328e+03, 0.,
       3.1530830738477102e+03, 2.1317269090366208e+03, 0., 0., 1. ]
dist_coeffs: !!opencv-matrix
   rows: 1
   cols: 5
   dt: d
   data: [ 3.3305350750031409e-01, -1.3586331451444127e-02,
       1.0445116659174164e-02, -4.7050980770937356e-01,
       2.3985914217622829e-03 ]
